[datamodels/Auditd]
version = 6.5.1
modtime = 1485256726.365662000

[models/Auditd]
version = 6.5.1
modtime = 1485256726.368501000
